p_b_c: [0.0, 0.0, 0.0]
q_b_c: [0.7071067811865476, 0.0, 0.0, 0.7071067811865475]
p_b2c: [0.0, 0.0, 0.0]
q_b2c: [0.7071067811865476, 0.0, 0.0, 0.7071067811865475]
landmarks: [0.0, 0.0, 0.0, -0.2, 0.2, 0.0, 0.2, 0.2, 0.0, 0.2, -0.2, 0.0, -0.2, -0.2,
  0.0]
waypoints: [8.0, 0.0, -7.0, 0.0, -8.0, 0.0, -7.0, 0.0, 8.0, 0.0, -7.0, 0.0, -8.0,
  0.0, -7.0, 0.0, 0.0, -8.0, -5.0, 0.0, 0.0, 8.0, -5.0, 0.0, 0.0, -8.0, -5.0, 0.0,
  0.0, 8.0, -5.0, 0.0]
tmax: 100.0
