## ETH-Z Dataset Geometry
{
  ## Initial State
x0: [0, 0, 0,    # POS
     0, 0, 0,         # VEL
     1, 0, 0, 0,      # ATT
     0, 0, 0,
     0, 0, 0,
    # 0.0638325, 0.194869 , 0.045157, # B_A
    # 0.0709926, 0.0212186, 0.0151468,  # B_G
     0.19],           # MU

image_size: [752, 480],
cam_center: [367.215, 248.375],
focal_len: [458.654, 457.296],
distortion: [-0.28340811, 0.07395907, 0.00019359, 1.76187114e-05],
invert_image: false,

q_b_IMU: [1, 0, 0, 0],
q_I_truth: [1, 0, 0, 0],

q_b_c: [-0.5680054701166785, -0.39874338629448497, -0.41770968090153704, -0.5864226812349721],
p_b_c: [0.03158035, -0.02088912, -0.05756718],


feature_mask: /home/superjax/dev_ws/src/vi_ekf/params/firefly.png,  
}